HMMER3/f [3.1b2 | February 2015]
NAME  SEED
LENG  120
ALPH  amino
RF    no
MM    no
CONS  yes
CS    no
MAP   yes
DATE  Tue Oct 29 11:03:16 2019
NSEQ  39
EFFN  4.889282
CKSUM 1150798283
STATS LOCAL MSV       -9.3443  0.71348
STATS LOCAL VITERBI  -10.4878  0.71348
STATS LOCAL FORWARD   -4.3157  0.71348
HMM          A        C        D        E        F        G        H        I        K        L        M        N        P        Q        R        S        T        V        W        Y   
            m->m     m->i     m->d     i->m     i->i     d->m     d->d
  COMPO   2.57441  4.73740  3.08077  2.83603  3.25254  2.54495  3.99389  2.57632  2.72313  2.39514  3.62405  3.27310  3.55060  3.22469  3.10219  2.69754  2.77895  2.31527  5.14208  3.50840
          2.68618  4.42225  2.77519  2.73123  3.46354  2.40513  3.72494  3.29354  2.67741  2.69355  4.24690  2.90347  2.73739  3.18146  2.89801  2.37887  2.77519  2.98518  4.58477  3.61503
          0.00724  5.32747  6.04982  0.61958  0.77255  0.00000        *
      1   2.65090  5.01839  5.81608  5.29441  4.37335  5.21690  5.76936  1.33556  5.17813  2.37667  4.20702  5.37581  5.50574  5.38807  5.27856  4.59342  2.86062  0.86104  6.20298  4.99326      1 v - - -
          2.68618  4.42225  2.77519  2.73123  3.46354  2.40513  3.72494  3.29354  2.67741  2.69355  4.24690  2.90347  2.73739  3.18146  2.89801  2.37887  2.77519  2.98518  4.58477  3.61503
          0.00724  5.32747  6.04982  0.61958  0.77255  0.48576  0.95510
      2   2.55196  5.08457  5.19588  5.17129  5.82502  0.27553  5.93370  5.19244  5.22822  4.98901  5.78704  4.70730  4.74986  5.35165  5.27909  3.39045  3.75953  3.45275  7.18999  6.13254      2 G - - -
          2.68618  4.42225  2.77519  2.73123  3.46354  2.40513  3.72494  3.29354  2.67741  2.69355  4.24690  2.90347  2.73739  3.18146  2.89801  2.37887  2.77519  2.98518  4.58477  3.61503
          0.00724  5.32747  6.04982  0.61958  0.77255  0.48576  0.95510
      3   2.83319  4.62286  5.24443  4.63997  2.91860  4.47687  4.82749  1.43735  4.43703  1.32853  3.28599  4.63877  4.82219  4.56556  4.45089  3.38645  3.50318  1.79248  5.29824  4.12871      3 l - - -
          2.68618  4.42225  2.77519  2.73123  3.46354  2.40513  3.72494  3.29354  2.67741  2.69355  4.24690  2.90347  2.73739  3.18146  2.89801  2.37887  2.77519  2.98518  4.58477  3.61503
          0.00724  5.32747  6.04982  0.61958  0.77255  0.48576  0.95510
      4   3.22653  3.80574  5.20068  4.59131  1.26583  4.41972  4.76189  2.41014  4.38286  1.97608  2.79048  4.58347  4.76829  4.50678  4.39111  3.73637  2.83392  1.77037  5.23313  4.06520      4 f - - -
          2.68532  4.42248  2.77542  2.73146  3.46323  2.40505  3.72517  3.29343  2.67763  2.69356  4.24712  2.90369  2.73762  3.18169  2.89823  2.37909  2.77542  2.98380  4.58499  3.61526
          0.27428  1.63598  3.09838  0.72187  0.66523  0.48576  0.95510
      5   2.00310  4.46953  5.00290  4.39388  3.03337  4.26231  4.59796  1.83005  4.19330  2.21035  3.23414  4.40662  4.62447  4.33650  4.22293  2.62337  2.86918  1.45707  5.10663  3.92881      8 v - - -
          2.68618  4.42225  2.77519  2.73123  3.46354  2.40513  3.72494  3.29354  2.67741  2.69355  4.24690  2.90347  2.73739  3.18146  2.89801  2.37887  2.77519  2.98518  4.58477  3.61503
          0.00757  5.28377  6.00611  0.61958  0.77255  0.49369  0.94255
      6   2.91961  4.82865  5.51793  4.94008  3.41933  4.81031  5.21193  1.36793  4.76575  1.18114  3.85067  4.97050  5.12525  4.90468  4.80032  4.14787  3.13193  1.67975  5.65030  4.48206      9 l - - -
          2.68618  4.42225  2.77519  2.73123  3.46354  2.40513  3.72494  3.29354  2.67741  2.69355  4.24690  2.90347  2.73739  3.18146  2.89801  2.37887  2.77519  2.98518  4.58477  3.61503
          0.00737  5.30940  6.03175  0.61958  0.77255  0.55347  0.85556
      7   1.60579  3.50291  5.05658  4.44335  2.37006  3.72151  4.60698  2.02381  4.23113  2.10942  3.13034  4.43124  4.63276  4.36420  4.24249  3.58274  3.32900  1.75163  5.10091  3.92466     10 a - - -
          2.68618  4.42225  2.77519  2.73123  3.46354  2.40513  3.72494  3.29354  2.67741  2.69355  4.24690  2.90347  2.73739  3.18146  2.89801  2.37887  2.77519  2.98518  4.58477  3.61503
          0.00737  5.30940  6.03175  0.61958  0.77255  0.55347  0.85556
      8   1.63178  3.68075  4.43225  3.85301  3.21107  1.97438  4.46228  2.56651  3.75023  2.79482  3.71062  4.09526  3.84903  3.98691  3.96569  2.55356  2.26526  2.42157  5.20474  4.00806     11 a - - -
          2.68618  4.42225  2.77519  2.73123  3.46354  2.40513  3.72494  3.29354  2.67741  2.69355  4.24690  2.90347  2.73739  3.18146  2.89801  2.37887  2.77519  2.98518  4.58477  3.61503
          0.00737  5.30940  6.03175  0.61958  0.77255  0.44564  1.02280
      9   2.32037  4.48372  5.06270  4.45010  2.79922  4.28402  4.62007  1.66894  4.23974  1.63663  3.06186  4.44206  4.64586  4.37410  4.25386  2.96383  2.87096  1.82157  5.11578  3.93958     12 l - - -
          2.68618  4.42225  2.77519  2.73123  3.46354  2.40513  3.72494  3.29354  2.67741  2.69355  4.24690  2.90347  2.73739  3.18146  2.89801  2.37887  2.77519  2.98518  4.58477  3.61503
          0.00724  5.32747  6.04982  0.61958  0.77255  0.48576  0.95510
     10   1.94088  4.47432  5.01146  4.40019  3.25168  3.17239  4.59315  1.77918  4.19618  1.81470  3.11060  4.40736  4.62391  4.33676  4.22159  3.21580  3.04759  1.71013  5.10049  3.92327     13 v - - -
          2.68618  4.42225  2.77519  2.73123  3.46354  2.40513  3.72494  3.29354  2.67741  2.69355  4.24690  2.90347  2.73739  3.18146  2.89801  2.37887  2.77519  2.98518  4.58477  3.61503
          0.00724  5.32747  6.04982  0.61958  0.77255  0.48576  0.95510
     11   2.11231  3.27446  5.04473  4.43131  3.12254  2.67277  4.59973  1.78178  4.22030  1.90604  3.20878  4.42285  4.62840  4.35488  4.23439  3.57643  2.84951  1.79152  5.09733  3.92083     14 i - - -
          2.68618  4.42225  2.77519  2.73123  3.46354  2.40513  3.72494  3.29354  2.67741  2.69355  4.24690  2.90347  2.73739  3.18146  2.89801  2.37887  2.77519  2.98518  4.58477  3.61503
          0.00724  5.32747  6.04982  0.61958  0.77255  0.48576  0.95510
     12   2.44119  4.46617  5.01728  4.40447  1.84138  3.55314  4.58526  1.78881  4.19691  1.75377  2.99807  4.40448  4.61677  4.33446  4.21699  2.90960  2.86269  2.38348  5.08866  3.91197     15 l - - -
          2.68618  4.42225  2.77519  2.73123  3.46354  2.40513  3.72494  3.29354  2.67741  2.69355  4.24690  2.90347  2.73739  3.18146  2.89801  2.37887  2.77519  2.98518  4.58477  3.61503
          0.00724  5.32747  6.04982  0.61958  0.77255  0.48576  0.95510
     13   2.17985  3.51440  5.01668  4.40344  2.10970  2.87653  4.58142  2.34450  4.19504  1.90155  3.25168  4.40185  4.61343  4.33200  4.21397  2.66777  3.02944  2.31736  5.08420  2.53982     16 l - - -
          2.68618  4.42225  2.77519  2.73123  3.46354  2.40513  3.72494  3.29354  2.67741  2.69355  4.24690  2.90347  2.73739  3.18146  2.89801  2.37887  2.77519  2.98518  4.58477  3.61503
          0.00724  5.32747  6.04982  0.61958  0.77255  0.48576  0.95510
     14   2.69505  4.46504  5.00339  4.39111  1.74867  3.58429  4.57894  2.30298  4.18561  1.92089  3.58372  3.60260  4.61216  3.50406  4.20924  3.55744  3.31571  1.94531  3.05016  2.76186     17 f - - -
          2.68618  4.42225  2.77519  2.73123  3.46354  2.40513  3.72494  3.29354  2.67741  2.69355  4.24690  2.90347  2.73739  3.18146  2.89801  2.37887  2.77519  2.98518  4.58477  3.61503
          0.00724  5.32747  6.04982  0.61958  0.77255  0.48576  0.95510
     15   2.50167  4.50350  4.76487  4.16681  2.58855  2.40021  4.53302  2.23175  4.00880  1.69399  3.62055  3.62272  3.68757  4.19109  3.41026  3.17958  2.85707  2.31106  5.12033  2.71421     18 l - - -
          2.68618  4.42225  2.77519  2.73123  3.46354  2.40513  3.72494  3.29354  2.67741  2.69355  4.24690  2.90347  2.73739  3.18146  2.89801  2.37887  2.77519  2.98518  4.58477  3.61503
          0.00724  5.32747  6.04982  0.61958  0.77255  0.48576  0.95510
     16   3.08410  3.43165  5.03922  4.42450  2.97914  3.25911  4.58575  1.78713  4.21129  1.89487  3.18495  4.41220  4.61634  4.34413  4.22251  2.54770  2.72550  1.89876  5.08202  2.51829     19 i - - -
          2.68618  4.42225  2.77519  2.73123  3.46354  2.40513  3.72494  3.29354  2.67741  2.69355  4.24690  2.90347  2.73739  3.18146  2.89801  2.37887  2.77519  2.98518  4.58477  3.61503
          0.00724  5.32747  6.04982  0.61958  0.77255  0.48576  0.95510
     17   2.86800  4.53333  3.90205  3.54677  2.66965  4.19192  4.50022  2.38215  3.15874  1.83508  3.37263  2.83602  4.56039  4.10226  3.38077  3.48225  2.75596  1.94541  2.89115  3.06204     20 l - - -
          2.68618  4.42225  2.77519  2.73123  3.46354  2.40513  3.72494  3.29354  2.67741  2.69355  4.24690  2.90347  2.73739  3.18146  2.89801  2.37887  2.77519  2.98518  4.58477  3.61503
          0.00724  5.32747  6.04982  0.61958  0.77255  0.48576  0.95510
     18   2.54984  3.90398  4.37461  3.79397  2.43537  4.14602  3.77213  2.72047  2.91806  2.02485  3.70963  3.64196  3.26755  3.24558  3.28653  3.01511  2.42657  2.63659  3.01217  2.73233     21 l - - -
          2.68618  4.42225  2.77519  2.73123  3.46354  2.40513  3.72494  3.29354  2.67741  2.69355  4.24690  2.90347  2.73739  3.18146  2.89801  2.37887  2.77519  2.98518  4.58477  3.61503
          0.00724  5.32747  6.04982  0.61958  0.77255  0.48576  0.95510
     19   2.28604  4.48496  4.87091  4.26688  2.49231  4.23061  4.55461  2.73341  3.21720  1.57768  2.66935  4.33383  4.59609  4.25231  2.80732  3.10609  3.07183  2.06082  5.10386  2.91091     22 l - - -
          2.68618  4.42225  2.77519  2.73123  3.46354  2.40513  3.72494  3.29354  2.67741  2.69355  4.24690  2.90347  2.73739  3.18146  2.89801  2.37887  2.77519  2.98518  4.58477  3.61503
          0.00724  5.32747  6.04982  0.61958  0.77255  0.48576  0.95510
     20   2.88378  5.42150  3.32757  2.77103  3.91554  1.71638  4.01440  4.17528  1.84644  2.92522  3.24320  2.88304  3.52771  2.87768  2.85336  2.48356  3.26010  3.78726  5.88259  4.50155     23 g - - -
          2.68618  4.42225  2.77519  2.73123  3.46354  2.40513  3.72494  3.29354  2.67741  2.69355  4.24690  2.90347  2.73739  3.18146  2.89801  2.37887  2.77519  2.98518  4.58477  3.61503
          0.00724  5.32747  6.04982  0.61958  0.77255  0.48576  0.95510
     21   3.02609  5.47736  2.60575  2.51033  3.99010  1.88281  3.99911  3.68087  2.59850  3.77229  3.67047  2.93283  3.28575  3.10377  2.26829  2.50467  2.84926  3.50343  5.92478  3.12814     24 g - - -
          2.68618  4.42225  2.77519  2.73123  3.46354  2.40513  3.72494  3.29354  2.67741  2.69355  4.24690  2.90347  2.73739  3.18146  2.89801  2.37887  2.77519  2.98518  4.58477  3.61503
          0.05949  5.32747  2.93931  0.61958  0.77255  0.48576  0.95510
     22   3.04991  4.47776  4.71606  4.11902  2.18616  3.49065  4.49946  2.07261  2.68927  1.92285  3.13622  3.69070  4.54986  3.26668  4.07678  2.92179  2.55773  2.46106  4.04403  2.92075     25 l - - -
          2.68618  4.42225  2.77519  2.73123  3.46354  2.40513  3.72494  3.29354  2.67741  2.69355  4.24690  2.90347  2.73739  3.18146  2.89801  2.37887  2.77519  2.98518  4.58477  3.61503
          0.02613  5.27561  3.87891  0.61958  0.77255  0.66620  0.72084
     23   2.72831  5.50259  2.72881  2.43999  4.84838  2.85226  3.25624  4.33486  2.13974  3.80818  4.54307  2.58199  3.26379  2.80911  2.79457  1.94330  2.42992  3.89362  5.93484  3.86939     26 s - - -
          2.68631  4.42238  2.77494  2.73093  3.46367  2.40494  3.72508  3.29367  2.67754  2.69351  4.24703  2.90360  2.73753  3.18160  2.89814  2.37880  2.77514  2.98510  4.58490  3.61516
          0.67942  1.35429  1.44835  0.08476  2.51005  0.36254  1.19042
     24   2.75057  4.42212  4.40222  3.13461  3.16347  3.02133  4.34809  2.13554  2.75338  2.10292  3.15682  4.02484  4.41528  3.91687  3.07362  3.33113  2.88273  1.81663  3.08037  3.84114     28 v - - -
          2.68618  4.42225  2.77519  2.73123  3.46354  2.40513  3.72494  3.29354  2.67741  2.69355  4.24690  2.90347  2.73739  3.18146  2.89801  2.37887  2.77519  2.98518  4.58477  3.61503
          0.00925  5.08328  5.80562  0.61958  0.77255  0.36201  1.19163
     25   2.82180  4.52853  4.50329  3.91651  1.46077  3.20828  4.45234  2.68783  3.06605  1.91278  2.93966  3.62383  3.37766  4.01946  3.59570  3.15488  3.02709  2.56497  5.13952  3.94723     29 f - - -
          2.68618  4.42225  2.77519  2.73123  3.46354  2.40513  3.72494  3.29354  2.67741  2.69355  4.24690  2.90347  2.73739  3.18146  2.89801  2.37887  2.77519  2.98518  4.58477  3.61503
          0.00758  5.28133  6.00368  0.61958  0.77255  0.64823  0.74018
     26   2.48472  5.47533  2.68676  2.56703  2.72061  2.34290  3.97138  4.27967  2.26493  3.35819  4.52016  2.80368  4.17571  2.88135  2.98650  2.33830  2.41480  3.85748  5.91756  3.46307     30 k - - -
          2.68618  4.42225  2.77519  2.73123  3.46354  2.40513  3.72494  3.29354  2.67741  2.69355  4.24690  2.90347  2.73739  3.18146  2.89801  2.37887  2.77519  2.98518  4.58477  3.61503
          0.07510  5.28133  2.69913  0.61958  0.77255  0.55141  0.85834
     27   2.34721  5.48101  2.66151  2.07908  4.82270  2.90225  3.94083  3.54982  2.04029  3.78486  3.83247  2.99543  3.39967  3.03825  2.40623  2.62966  2.62169  3.22237  5.91573  4.50682     31 k - - -
          2.68618  4.42225  2.77519  2.73123  3.46354  2.40513  3.72494  3.29354  2.67741  2.69355  4.24690  2.90347  2.73739  3.18146  2.89801  2.37887  2.77519  2.98518  4.58477  3.61503
          0.07752  5.23209  2.67005  0.61958  0.77255  0.52187  0.89994
     28   2.79303  5.48555  2.46143  2.46536  4.83122  3.13476  3.38936  4.31771  2.06175  3.79108  4.52611  2.53543  2.28124  2.84023  2.94832  2.42964  2.40342  3.87652  5.91781  4.50633     32 k - - -
          2.68618  4.42225  2.77519  2.73123  3.46354  2.40513  3.72494  3.29354  2.67741  2.69355  4.24690  2.90347  2.73739  3.18146  2.89801  2.37887  2.77519  2.98518  4.58477  3.61503
          0.19676  5.21860  1.75331  0.61958  0.77255  0.82479  0.57683
     29   2.59604  4.17954  2.76164  2.01773  3.19054  2.53166  3.86922  4.08672  2.45657  3.60448  4.36406  3.16032  4.07070  2.76780  3.10538  2.10155  2.42079  3.68596  5.76813  3.74749     33 e - - -
          2.68594  4.42229  2.77523  2.73127  3.46358  2.40516  3.72498  3.29358  2.67744  2.69359  4.24693  2.90350  2.73743  3.18150  2.89804  2.37890  2.77493  2.98522  4.58481  3.61507
          0.05583  2.97331  5.75392  0.66075  0.72663  0.21343  1.64928
     30   2.80084  5.19842  3.18236  2.90336  3.45999  3.87681  3.17201  3.18041  2.35362  2.68826  4.27229  2.64262  4.26600  3.24242  2.80327  2.85789  2.35516  3.52415  5.70871  1.86544     36 y - - -
          2.68618  4.42225  2.77519  2.73123  3.46354  2.40513  3.72494  3.29354  2.67741  2.69355  4.24690  2.90347  2.73739  3.18146  2.89801  2.37887  2.77519  2.98518  4.58477  3.61503
          0.00724  5.32747  6.04982  0.61958  0.77255  0.48576  0.95510
     31   2.50763  5.49224  2.90579  2.60143  4.81917  3.80654  3.99556  3.67901  2.26309  3.14958  4.53772  2.87984  3.39894  3.09801  2.54331  2.66270  1.47154  3.57475  5.93593  4.53623     37 t - - -
          2.68618  4.42225  2.77519  2.73123  3.46354  2.40513  3.72494  3.29354  2.67741  2.69355  4.24690  2.90347  2.73739  3.18146  2.89801  2.37887  2.77519  2.98518  4.58477  3.61503
          0.00724  5.32747  6.04982  0.61958  0.77255  0.48576  0.95510
     32   3.16701  4.53393  5.13877  4.52506  2.37956  4.34615  4.68041  1.84633  4.31155  1.73128  2.75170  4.51069  4.70020  4.43425  4.31618  3.66006  2.94924  1.86053  5.15660  2.13077     38 l - - -
          2.68618  4.42225  2.77519  2.73123  3.46354  2.40513  3.72494  3.29354  2.67741  2.69355  4.24690  2.90347  2.73739  3.18146  2.89801  2.37887  2.77519  2.98518  4.58477  3.61503
          0.00724  5.32747  6.04982  0.61958  0.77255  0.48576  0.95510
     33   3.03991  5.11963  3.23169  2.96378  3.38718  3.09563  3.06564  3.12995  2.74388  2.72844  4.19991  2.98314  4.28841  3.29381  2.64117  2.90466  2.25095  3.43353  5.64531  1.75787     39 y - - -
          2.68618  4.42225  2.77519  2.73123  3.46354  2.40513  3.72494  3.29354  2.67741  2.69355  4.24690  2.90347  2.73739  3.18146  2.89801  2.37887  2.77519  2.98518  4.58477  3.61503
          0.00724  5.32747  6.04982  0.61958  0.77255  0.48576  0.95510
     34   1.56126  4.48235  4.89449  4.28928  3.19661  3.32350  4.56060  2.32311  4.10674  2.11797  3.60056  4.34597  4.60016  4.26641  4.16865  2.71094  2.73458  1.71333  5.10231  3.27105     40 a - - -
          2.68618  4.42225  2.77519  2.73123  3.46354  2.40513  3.72494  3.29354  2.67741  2.69355  4.24690  2.90347  2.73739  3.18146  2.89801  2.37887  2.77519  2.98518  4.58477  3.61503
          0.00724  5.32747  6.04982  0.61958  0.77255  0.48576  0.95510
     35   3.03075  5.34071  3.01399  2.29238  4.61147  3.83948  3.63413  2.64231  2.31381  3.08797  4.40175  2.99367  4.23073  2.72814  2.84293  2.70546  2.74481  2.23061  4.09665  2.69421     41 v - - -
          2.68618  4.42225  2.77519  2.73123  3.46354  2.40513  3.72494  3.29354  2.67741  2.69355  4.24690  2.90347  2.73739  3.18146  2.89801  2.37887  2.77519  2.98518  4.58477  3.61503
          0.00724  5.32747  6.04982  0.61958  0.77255  0.48576  0.95510
     36   3.36900  4.72925  5.25130  4.66092  0.92614  4.53269  4.73340  2.79504  4.46143  1.86550  3.68452  4.65242  4.87008  4.56561  4.47628  3.84932  2.84014  2.65982  5.13310  2.53494     42 f - - -
          2.68621  4.42228  2.77523  2.73127  3.46357  2.40516  3.72498  3.29357  2.67744  2.69358  4.24693  2.90350  2.73743  3.18106  2.89804  2.37890  2.77494  2.98522  4.58480  3.61506
          0.03949  3.31420  6.04982  0.65981  0.72764  0.48576  0.95510
     37   2.52858  5.54111  1.71127  2.33903  4.88642  3.79983  3.44213  4.37290  2.45998  3.84648  4.58188  2.83999  2.24371  2.89230  2.99341  2.52124  2.73836  3.93191  5.97346  4.56179     45 d - - -
          2.68618  4.42225  2.77519  2.73123  3.46354  2.40513  3.72494  3.29354  2.67741  2.69355  4.24690  2.90347  2.73739  3.18146  2.89801  2.37887  2.77519  2.98518  4.58477  3.61503
          0.00724  5.32747  6.04982  0.61958  0.77255  0.48576  0.95510
     38   3.02915  5.54233  2.25923  1.67108  4.88802  3.79985  3.62531  4.37476  2.52303  3.84784  4.58301  2.13891  4.19472  2.54945  2.99700  2.17765  3.00477  3.93334  5.97443  3.55983     46 e - - -
          2.68601  4.42229  2.77523  2.73127  3.46358  2.40516  3.72498  3.29358  2.67744  2.69359  4.24693  2.90350  2.73743  3.18150  2.89804  2.37865  2.77523  2.98522  4.58481  3.61507
          0.07663  2.63927  6.04982  0.22176  1.61499  0.48576  0.95510
     39   1.70691  4.52489  4.79916  4.20504  3.63587  3.16495  4.57251  2.16209  4.04729  2.21281  3.65199  4.31233  4.60636  4.22947  4.15211  2.74850  2.62057  1.50141  5.15961  3.97609     48 v - - -
          2.68618  4.42225  2.77519  2.73123  3.46354  2.40513  3.72494  3.29354  2.67741  2.69355  4.24690  2.90347  2.73739  3.18146  2.89801  2.37887  2.77519  2.98518  4.58477  3.61503
          0.00724  5.32747  6.04982  0.61958  0.77255  0.48576  0.95510
     40   2.49037  5.53355  2.35809  2.38466  4.87750  2.02015  2.86303  4.36275  2.72185  3.37182  4.57454  2.56894  3.40365  2.57705  3.21457  2.41815  3.06080  3.92359  5.96687  3.83228     49 g - - -
          2.68618  4.42225  2.77519  2.73123  3.46354  2.40513  3.72494  3.29354  2.67741  2.69355  4.24690  2.90347  2.73739  3.18146  2.89801  2.37887  2.77519  2.98518  4.58477  3.61503
          0.00724  5.32747  6.04982  0.61958  0.77255  0.48576  0.95510
     41   3.33409  5.52033  3.03420  3.27937  5.41273  0.65974  4.70158  4.89760  3.61014  4.44951  5.24173  3.74947  3.64400  3.86874  3.45309  1.91839  3.72411  4.35693  6.61697  5.25352     50 G - - -
          2.68618  4.42225  2.77519  2.73123  3.46354  2.40513  3.72494  3.29354  2.67741  2.69355  4.24690  2.90347  2.73739  3.18146  2.89801  2.37887  2.77519  2.98518  4.58477  3.61503
          0.00724  5.32747  6.04982  0.61958  0.77255  0.48576  0.95510
     42   4.46443  5.62800  6.50803  5.95791  3.96716  5.99282  6.37630  1.80188  5.85911  0.52446  3.21078  6.17690  5.96394  5.69259  5.79480  5.42336  4.67496  2.07007  6.27146  5.34313     51 L - - -
          2.68618  4.42225  2.77519  2.73123  3.46354  2.40513  3.72494  3.29354  2.67741  2.69355  4.24690  2.90347  2.73739  3.18146  2.89801  2.37887  2.77519  2.98518  4.58477  3.61503
          0.00724  5.32747  6.04982  0.61958  0.77255  0.48576  0.95510
     43   2.70663  5.53696  2.67676  2.20118  4.88290  2.90155  2.86334  3.78662  1.95471  3.84261  4.57739  2.65489  3.21320  2.74828  2.53077  2.65288  2.84220  3.57562  5.96912  3.87349     52 k - - -
          2.68618  4.42225  2.77519  2.73123  3.46354  2.40513  3.72494  3.29354  2.67741  2.69355  4.24690  2.90347  2.73739  3.18146  2.89801  2.37887  2.77519  2.98518  4.58477  3.61503
          0.00724  5.32747  6.04982  0.61958  0.77255  0.48576  0.95510
     44   2.33592  5.12573  3.00853  2.64267  4.33389  3.52212  4.11099  2.45742  2.65728  2.85783  4.20556  3.46247  2.77428  3.28958  3.12776  2.57285  2.86369  1.80234  5.65031  4.34120     53 v - - -
          2.68618  4.42225  2.77519  2.73123  3.46354  2.40513  3.72494  3.29354  2.67741  2.69355  4.24690  2.90347  2.73739  3.18146  2.89801  2.37887  2.77519  2.98518  4.58477  3.61503
          0.00724  5.32747  6.04982  0.61958  0.77255  0.48576  0.95510
     45   2.50072  5.54284  3.03636  2.49565  4.88373  1.30588  4.00030  4.36735  2.60249  3.84633  4.58564  2.73714  4.20456  2.83466  2.66881  2.64388  2.86301  3.93144  5.97781  4.56816     54 g - - -
          2.68618  4.42225  2.77519  2.73123  3.46354  2.40513  3.72494  3.29354  2.67741  2.69355  4.24690  2.90347  2.73739  3.18146  2.89801  2.37887  2.77519  2.98518  4.58477  3.61503
          0.00724  5.32747  6.04982  0.61958  0.77255  0.48576  0.95510
     46   1.83298  5.40052  2.40629  2.78140  4.69342  3.18593  4.02061  3.64152  2.64980  3.68406  3.77754  2.93987  4.21835  3.13771  3.26252  1.85948  2.16917  3.30203  5.86797  4.49185     55 a - - -
          2.68618  4.42225  2.77519  2.73123  3.46354  2.40513  3.72494  3.29354  2.67741  2.69355  4.24690  2.90347  2.73739  3.18146  2.89801  2.37887  2.77519  2.98518  4.58477  3.61503
          0.00724  5.32747  6.04982  0.61958  0.77255  0.48576  0.95510
     47   2.84678  5.53247  2.48839  2.42822  4.87487  3.80072  3.98912  4.35908  2.50059  3.48988  4.57396  2.69231  1.54586  2.56609  2.96376  2.67397  3.25895  3.92170  5.96658  3.13426     56 p - - -
          2.68618  4.42225  2.77519  2.73123  3.46354  2.40513  3.72494  3.29354  2.67741  2.69355  4.24690  2.90347  2.73739  3.18146  2.89801  2.37887  2.77519  2.98518  4.58477  3.61503
          0.00724  5.32747  6.04982  0.61958  0.77255  0.48576  0.95510
     48   4.13483  5.29184  6.31093  5.89099  4.72937  5.89433  6.84468  1.83676  5.88385  2.79045  4.41166  6.07507  6.06149  6.17438  6.08702  5.38168  4.39998  0.36207  7.02294  5.77780     57 V - - -
          2.68618  4.42225  2.77519  2.73123  3.46354  2.40513  3.72494  3.29354  2.67741  2.69355  4.24690  2.90347  2.73739  3.18146  2.89801  2.37887  2.77519  2.98518  4.58477  3.61503
          0.00724  5.32747  6.04982  0.61958  0.77255  0.48576  0.95510
     49   3.04191  5.08012  3.55766  2.99773  3.13668  3.91362  4.12990  3.28123  1.78925  2.52112  3.64675  3.17384  4.30068  2.65922  2.35562  2.66394  2.29508  3.38847  4.31456  3.23803     58 k - - -
          2.68618  4.42225  2.77519  2.73123  3.46354  2.40513  3.72494  3.29354  2.67741  2.69355  4.24690  2.90347  2.73739  3.18146  2.89801  2.37887  2.77519  2.98518  4.58477  3.61503
          0.00724  5.32747  6.04982  0.61958  0.77255  0.48576  0.95510
     50   2.86731  4.46316  5.03692  4.42267  2.66779  4.25500  4.58802  1.68665  3.64854  1.89598  3.04877  4.41297  4.61857  4.34441  4.22369  2.92591  3.31881  1.89347  5.08540  2.16768     59 i - - -
          2.68618  4.42225  2.77519  2.73123  3.46354  2.40513  3.72494  3.29354  2.67741  2.69355  4.24690  2.90347  2.73739  3.18146  2.89801  2.37887  2.77519  2.98518  4.58477  3.61503
          0.00724  5.32747  6.04982  0.61958  0.77255  0.48576  0.95510
     51   2.20461  5.53774  3.00656  2.71919  4.88279  3.03457  3.14084  4.36859  2.31022  3.84285  4.57860  2.09414  4.19397  2.66392  2.51007  1.78668  3.25863  3.92841  5.97024  4.55947     60 s - - -
          2.68618  4.42225  2.77519  2.73123  3.46354  2.40513  3.72494  3.29354  2.67741  2.69355  4.24690  2.90347  2.73739  3.18146  2.89801  2.37887  2.77519  2.98518  4.58477  3.61503
          0.00724  5.32747  6.04982  0.61958  0.77255  0.48576  0.95510
     52   5.10098  6.53932  5.94674  6.01824  6.83207  0.04097  6.83343  6.92159  6.30610  6.27233  7.38148  6.12308  5.91128  6.54226  6.23959  5.33303  5.64347  6.24830  7.42498  7.02720     61 G - - -
          2.68618  4.42225  2.77519  2.73123  3.46354  2.40513  3.72494  3.29354  2.67741  2.69355  4.24690  2.90347  2.73739  3.18146  2.89801  2.37887  2.77519  2.98518  4.58477  3.61503
          0.00724  5.32747  6.04982  0.61958  0.77255  0.48576  0.95510
     53   2.67997  4.56939  5.17783  4.57110  2.99429  4.40577  4.75127  2.00836  4.36547  2.40271  3.13392  4.56619  4.75850  4.49833  4.38012  3.72238  3.44288  0.96075  5.23321  2.71040     62 v - - -
          2.68618  4.42225  2.77519  2.73123  3.46354  2.40513  3.72494  3.29354  2.67741  2.69355  4.24690  2.90347  2.73739  3.18146  2.89801  2.37887  2.77519  2.98518  4.58477  3.61503
          0.00724  5.32747  6.04982  0.61958  0.77255  0.48576  0.95510
     54   3.02467  4.30150  2.81861  1.97697  4.86517  3.27022  3.98762  3.80509  1.86112  3.15355  4.56645  2.82768  4.19347  2.89520  2.27148  2.73493  2.45709  3.03250  5.95998  4.55177     63 k - - -
          2.68618  4.42225  2.77519  2.73123  3.46354  2.40513  3.72494  3.29354  2.67741  2.69355  4.24690  2.90347  2.73739  3.18146  2.89801  2.37887  2.77519  2.98518  4.58477  3.61503
          0.00724  5.32747  6.04982  0.61958  0.77255  0.48576  0.95510
     55   2.36366  4.51419  4.93907  4.33640  3.15348  3.40184  4.61393  1.43117  3.04160  2.69624  3.13536  4.39436  4.64536  4.31697  4.21860  3.58882  3.35342  1.37095  5.15352  3.97296     64 v - - -
          2.68618  4.42225  2.77519  2.73123  3.46354  2.40513  3.72494  3.29354  2.67741  2.69355  4.24690  2.90347  2.73739  3.18146  2.89801  2.37887  2.77519  2.98518  4.58477  3.61503
          0.00724  5.32747  6.04982  0.61958  0.77255  0.48576  0.95510
     56   5.10098  6.53932  5.94674  6.01824  6.83207  0.04097  6.83343  6.92159  6.30610  6.27233  7.38148  6.12308  5.91128  6.54226  6.23959  5.33303  5.64347  6.24830  7.42498  7.02720     65 G - - -
          2.68618  4.42225  2.77519  2.73123  3.46354  2.40513  3.72494  3.29354  2.67741  2.69355  4.24690  2.90347  2.73739  3.18146  2.89801  2.37887  2.77519  2.98518  4.58477  3.61503
          0.00724  5.32747  6.04982  0.61958  0.77255  0.48576  0.95510
     57   3.02539  5.53320  3.27522  2.12110  3.81412  3.79942  3.15338  4.36240  1.86165  3.83792  4.57417  2.70233  4.19283  2.62880  2.26034  2.19297  2.41294  3.92336  5.96628  3.88598     66 k - - -
          2.68618  4.42225  2.77519  2.73123  3.46354  2.40513  3.72494  3.29354  2.67741  2.69355  4.24690  2.90347  2.73739  3.18146  2.89801  2.37887  2.77519  2.98518  4.58477  3.61503
          0.00724  5.32747  6.04982  0.61958  0.77255  0.48576  0.95510
     58   4.11050  5.27769  6.26491  5.81435  4.59675  5.81682  6.61771  1.73368  5.78482  2.65867  3.40462  5.98484  5.98020  6.01139  5.94268  5.27513  4.36771  0.44065  6.81486  5.62346     67 V - - -
          2.68618  4.42225  2.77519  2.73123  3.46354  2.40513  3.72494  3.29354  2.67741  2.69355  4.24690  2.90347  2.73739  3.18146  2.89801  2.37887  2.77519  2.98518  4.58477  3.61503
          0.00724  5.32747  6.04982  0.61958  0.77255  0.48576  0.95510
     59   2.72377  5.51552  2.75941  2.08907  4.85221  3.80186  3.57298  3.39299  2.22145  3.81722  3.89569  3.27259  4.19514  2.89425  2.79036  1.95837  2.01259  3.14683  5.95325  4.54742     68 s - - -
          2.68618  4.42225  2.77519  2.73123  3.46354  2.40513  3.72494  3.29354  2.67741  2.69355  4.24690  2.90347  2.73739  3.18146  2.89801  2.37887  2.77519  2.98518  4.58477  3.61503
          0.00724  5.32747  6.04982  0.61958  0.77255  0.48576  0.95510
     60   2.34110  5.63044  1.71394  2.43574  4.97207  2.93616  4.05604  4.46221  2.08384  3.93495  4.67664  2.69519  4.25078  3.15767  3.31459  1.80498  3.34369  4.02016  6.06345  4.64319     69 d - - -
          2.68618  4.42225  2.77519  2.73123  3.46354  2.40513  3.72494  3.29354  2.67741  2.69355  4.24690  2.90347  2.73739  3.18146  2.89801  2.37887  2.77519  2.98518  4.58477  3.61503
          0.00724  5.32747  6.04982  0.61958  0.77255  0.48576  0.95510
     61   3.32474  4.67312  5.28967  4.68864  3.31735  4.54120  4.89491  1.35769  4.49167  1.83294  3.13242  4.69869  4.87954  3.65924  4.51080  3.86220  3.18408  1.27889  5.35946  4.19358     70 v - - -
          2.68618  4.42225  2.77519  2.73123  3.46354  2.40513  3.72494  3.29354  2.67741  2.69355  4.24690  2.90347  2.73739  3.18146  2.89801  2.37887  2.77519  2.98518  4.58477  3.61503
          0.00724  5.32747  6.04982  0.61958  0.77255  0.48576  0.95510
     62   2.24955  5.53661  2.48449  1.91959  4.88207  3.79826  3.98550  4.36833  2.52043  3.19261  4.57720  2.68583  4.19191  2.51127  2.46849  2.22702  2.55345  3.92746  5.96903  4.55781     71 e - - -
          2.68618  4.42225  2.77519  2.73123  3.46354  2.40513  3.72494  3.29354  2.67741  2.69355  4.24690  2.90347  2.73739  3.18146  2.89801  2.37887  2.77519  2.98518  4.58477  3.61503
          0.00724  5.32747  6.04982  0.61958  0.77255  0.48576  0.95510
     63   2.81503  4.46907  5.02901  4.41570  2.23531  4.25815  3.85960  1.95889  4.20641  1.36125  3.58284  4.41203  3.13453  4.34188  4.22353  3.56854  3.32309  1.94592  5.08946  3.46703     72 l - - -
          2.68618  4.42225  2.77519  2.73123  3.46354  2.40513  3.72494  3.29354  2.67741  2.69355  4.24690  2.90347  2.73739  3.18146  2.89801  2.37887  2.77519  2.98518  4.58477  3.61503
          0.00724  5.32747  6.04982  0.61958  0.77255  0.48576  0.95510
     64   2.60391  5.51973  1.99332  2.34881  4.85816  3.80113  3.98890  4.33947  2.48926  3.15531  4.56215  2.87473  4.19447  2.86173  2.07314  2.67276  2.64175  2.58526  5.95640  3.91997     73 d - - -
          2.68618  4.42225  2.77519  2.73123  3.46354  2.40513  3.72494  3.29354  2.67741  2.69355  4.24690  2.90347  2.73739  3.18146  2.89801  2.37887  2.77519  2.98518  4.58477  3.61503
          0.00724  5.32747  6.04982  0.61958  0.77255  0.48576  0.95510
     65   3.02439  5.53379  2.10027  2.32241  4.10353  2.87048  3.52400  3.83492  2.25927  3.83885  4.57459  2.83270  2.35490  2.88445  2.81168  2.67458  2.69508  3.92415  5.96679  3.27190     74 d - - -
          2.68618  4.42225  2.77519  2.73123  3.46354  2.40513  3.72494  3.29354  2.67741  2.69355  4.24690  2.90347  2.73739  3.18146  2.89801  2.37887  2.77519  2.98518  4.58477  3.61503
          0.00724  5.32747  6.04982  0.61958  0.77255  0.48576  0.95510
     66   2.57718  5.53666  2.12912  2.32275  4.88233  2.74939  3.35131  4.36874  1.93589  2.64945  4.57718  2.79799  3.62472  2.74067  3.00009  2.57491  3.04053  3.92763  5.96898  4.55764     75 k - - -
          2.68635  4.42255  2.77517  2.73153  3.46384  2.40463  3.72525  3.29354  2.67734  2.69385  4.24612  2.90334  2.73733  3.18081  2.89791  2.37897  2.77531  2.98549  4.58507  3.61489
          1.25926  0.98917  1.06638  0.38783  1.13485  0.48576  0.95510
     67   2.67027  5.31092  2.87412  2.41309  3.82722  2.71604  3.80798  4.11467  2.40264  2.88445  4.35585  2.82500  2.97225  2.72997  2.54754  2.11074  2.54963  3.69289  5.75335  4.35231     79 s - - -
          2.68618  4.42225  2.77519  2.73123  3.46354  2.40513  3.72494  3.29354  2.67741  2.69355  4.24690  2.90347  2.73739  3.18146  2.89801  2.37887  2.77519  2.98518  4.58477  3.61503
          0.01102  4.90908  5.63143  0.61958  0.77255  0.66867  0.71824
     68   2.44278  4.97543  3.16778  2.89040  3.62253  2.37812  3.58982  3.12536  2.87585  2.80466  3.27835  3.38641  4.19419  2.75969  2.55415  2.62678  2.58752  3.28396  5.50828  2.47761     80 g - - -
          2.68618  4.42225  2.77519  2.73123  3.46354  2.40513  3.72494  3.29354  2.67741  2.69355  4.24690  2.90347  2.73739  3.18146  2.89801  2.37887  2.77519  2.98518  4.58477  3.61503
          0.00898  5.11304  5.83539  0.61958  0.77255  0.24748  1.51761
     69   2.79079  5.53209  2.58239  2.46121  4.87591  2.76704  3.59420  3.42190  2.07510  3.05491  3.41723  2.87211  3.66767  2.31976  2.45133  2.83045  2.53568  3.92206  5.96553  4.55533     81 k - - -
          2.68618  4.42225  2.77519  2.73123  3.46354  2.40513  3.72494  3.29354  2.67741  2.69355  4.24690  2.90347  2.73739  3.18146  2.89801  2.37887  2.77519  2.98518  4.58477  3.61503
          0.00724  5.32747  6.04982  0.61958  0.77255  0.48576  0.95510
     70   2.01138  4.48347  5.00671  4.39700  3.02783  4.26871  4.60195  2.09697  4.19646  2.39987  3.60272  4.41128  3.98814  4.34000  4.22716  3.22595  3.33427  1.08740  5.11298  3.47981     82 v - - -
          2.68618  4.42225  2.77519  2.73123  3.46354  2.40513  3.72494  3.29354  2.67741  2.69355  4.24690  2.90347  2.73739  3.18146  2.89801  2.37887  2.77519  2.98518  4.58477  3.61503
          0.00724  5.32747  6.04982  0.61958  0.77255  0.48576  0.95510
     71   2.66551  5.13681  3.51114  2.39072  4.34768  3.89648  4.10751  2.72022  2.43246  2.07576  3.75319  3.45701  4.28452  2.58915  2.12772  3.10588  2.50535  2.68089  5.65919  4.34797     83 l - - -
          2.68618  4.42225  2.77519  2.73123  3.46354  2.40513  3.72494  3.29354  2.67741  2.69355  4.24690  2.90347  2.73739  3.18146  2.89801  2.37887  2.77519  2.98518  4.58477  3.61503
          0.00724  5.32747  6.04982  0.61958  0.77255  0.48576  0.95510
     72   2.28309  4.79200  5.46637  4.89172  3.99033  4.77032  5.18091  1.67319  4.72072  2.33250  2.61295  4.92462  5.09873  4.88178  4.76872  4.10643  3.01856  0.99779  5.65154  4.46605     84 v - - -
          2.68618  4.42225  2.77519  2.73123  3.46354  2.40513  3.72494  3.29354  2.67741  2.69355  4.24690  2.90347  2.73739  3.18146  2.89801  2.37887  2.77519  2.98518  4.58477  3.61503
          0.00724  5.32747  6.04982  0.61958  0.77255  0.48576  0.95510
     73   2.50551  5.51305  2.65183  1.86524  4.06773  3.80255  3.46415  4.32784  2.24909  3.81425  4.55625  3.27374  4.19586  3.09016  2.73700  2.79103  1.76727  2.83992  5.95148  4.54637     85 t - - -
          2.68618  4.42225  2.77519  2.73123  3.46354  2.40513  3.72494  3.29354  2.67741  2.69355  4.24690  2.90347  2.73739  3.18146  2.89801  2.37887  2.77519  2.98518  4.58477  3.61503
          0.00724  5.32747  6.04982  0.61958  0.77255  0.48576  0.95510
     74   2.71503  4.58098  5.19172  4.57747  2.31619  4.39933  4.73214  1.77562  4.36428  1.53364  2.10057  4.56529  4.74584  4.47819  4.36511  3.71437  3.44818  2.01498  4.05407  4.03322     86 l - - -
          2.68618  4.42225  2.77519  2.73123  3.46354  2.40513  3.72494  3.29354  2.67741  2.69355  4.24690  2.90347  2.73739  3.18146  2.89801  2.37887  2.77519  2.98518  4.58477  3.61503
          0.00724  5.32747  6.04982  0.61958  0.77255  0.48576  0.95510
     75   2.70189  4.34822  2.16467  2.36527  4.88039  3.30122  3.98519  3.77668  2.02825  3.84055  4.57588  3.04848  4.19162  2.55269  2.16503  2.33521  2.56037  3.92593  5.96786  4.55687     87 k - - -
          2.68618  4.42225  2.77519  2.73123  3.46354  2.40513  3.72494  3.29354  2.67741  2.69355  4.24690  2.90347  2.73739  3.18146  2.89801  2.37887  2.77519  2.98518  4.58477  3.61503
          0.00724  5.32747  6.04982  0.61958  0.77255  0.48576  0.95510
     76   2.91239  3.91268  5.27387  4.67346  3.74297  4.51030  4.86996  1.03543  4.47343  1.70450  3.09659  4.67302  4.85531  4.60786  4.49062  3.83174  3.52507  1.87992  5.34290  3.55857     88 i - - -
          2.68629  4.42236  2.77486  2.73092  3.46276  2.40493  3.72505  3.29365  2.67752  2.69366  4.24701  2.90358  2.73750  3.18157  2.89812  2.37898  2.77530  2.98529  4.58488  3.61514
          0.05711  2.93454  6.04982  1.17257  0.37044  0.48576  0.95510
     77   3.02478  5.53741  2.11120  2.09449  3.38015  3.47297  3.98514  4.36986  2.23620  3.84303  4.57788  2.72366  3.37554  2.60796  2.31066  2.30690  2.75835  3.92849  5.96959  4.55810     93 e - - -
          2.68618  4.42225  2.77519  2.73123  3.46354  2.40513  3.72494  3.29354  2.67741  2.69355  4.24690  2.90347  2.73739  3.18146  2.89801  2.37887  2.77519  2.98518  4.58477  3.61503
          0.00724  5.32747  6.04982  0.61958  0.77255  0.48576  0.95510
     78   2.84266  5.53465  2.61069  2.22950  3.86260  3.45058  3.98530  4.36540  1.91780  3.83986  4.57536  3.00990  2.81300  2.93082  2.46287  2.15758  2.60715  3.92520  5.96743  3.36859     94 k - - -
          2.68598  4.42228  2.77522  2.73126  3.46356  2.40515  3.72497  3.29357  2.67743  2.69357  4.24692  2.90349  2.73742  3.18149  2.89803  2.37889  2.77522  2.98498  4.58479  3.61506
          0.05563  2.96120  6.04982  0.27325  1.43089  0.48576  0.95510
     79   2.74905  5.54515  1.87853  2.07691  4.89115  2.41885  3.60661  4.37820  2.13652  3.85076  4.58582  2.78260  4.19588  2.76509  2.53619  2.54617  3.26235  3.93634  5.97697  4.56473     96 d - - -
          2.68618  4.42225  2.77519  2.73123  3.46354  2.40513  3.72494  3.29354  2.67741  2.69355  4.24690  2.90347  2.73739  3.18146  2.89801  2.37887  2.77519  2.98518  4.58477  3.61503
          0.00724  5.32747  6.04982  0.61958  0.77255  0.48576  0.95510
     80   2.36199  4.47404  4.94199  4.33365  2.46628  4.24038  4.56834  2.44976  3.41998  2.03483  3.25229  4.36785  3.27296  3.57430  4.18621  3.54705  3.31485  1.62997  5.09417  2.16294     97 v - - -
          2.68618  4.42225  2.77519  2.73123  3.46354  2.40513  3.72494  3.29354  2.67741  2.69355  4.24690  2.90347  2.73739  3.18146  2.89801  2.37887  2.77519  2.98518  4.58477  3.61503
          0.00724  5.32747  6.04982  0.61958  0.77255  0.48576  0.95510
     81   2.69294  5.53178  2.58928  2.54157  4.87545  3.79877  3.58153  4.36042  1.89827  3.16401  2.89180  2.40302  2.97853  2.54159  2.54027  2.98742  2.73992  3.52756  5.96529  4.55520     98 k - - -
          2.68616  4.42242  2.77536  2.73140  3.46370  2.40529  3.72416  3.29371  2.67742  2.69333  4.24706  2.90315  2.73730  3.18132  2.89817  2.37890  2.77536  2.98535  4.58329  3.61480
          0.17572  1.84019  6.04982  0.63948  0.74986  0.48576  0.95510
     82   3.34374  4.69568  5.30586  4.69881  3.05474  4.54479  4.87944  1.30287  4.49610  1.18219  3.62550  4.70448  3.89646  4.60502  4.50333  3.86419  3.57425  2.07456  5.32199  3.50537    101 l - - -
          2.68618  4.42225  2.77519  2.73123  3.46354  2.40513  3.72494  3.29354  2.67741  2.69355  4.24690  2.90347  2.73739  3.18146  2.89801  2.37887  2.77519  2.98518  4.58477  3.61503
          0.00724  5.32747  6.04982  0.61958  0.77255  0.48576  0.95510
     83   3.02663  5.47781  2.87123  2.74322  3.58251  3.45042  3.35601  4.26802  2.30401  3.77272  4.52493  3.28714  1.81922  3.10415  2.43578  2.53998  2.17720  3.85545  5.92516  3.31649    102 p - - -
          2.68619  4.42227  2.77494  2.73125  3.46355  2.40514  3.72496  3.29356  2.67742  2.69356  4.24691  2.90348  2.73741  3.18148  2.89802  2.37888  2.77521  2.98520  4.58478  3.61505
          0.03725  3.37522  6.04982  0.34494  1.23191  0.48576  0.95510
     84   2.39923  5.53728  2.57691  2.00462  4.88316  3.79804  3.98511  4.36967  1.85945  3.84288  4.57776  3.03917  3.40399  2.57787  2.44175  2.82994  2.29188  3.55216  5.96945  4.55803    104 k - - -
          2.68618  4.42225  2.77519  2.73123  3.46354  2.40513  3.72494  3.29354  2.67741  2.69355  4.24690  2.90347  2.73739  3.18146  2.89801  2.37887  2.77519  2.98518  4.58477  3.61503
          0.00724  5.32747  6.04982  0.61958  0.77255  0.48576  0.95510
     85   2.35389  5.54400  1.64838  2.58108  4.88739  2.54042  3.44282  4.37294  2.56740  3.84853  4.58551  1.97458  4.19955  2.91698  3.00858  2.99683  3.08582  3.57633  5.97727  4.56604    105 d - - -
          2.68618  4.42225  2.77519  2.73123  3.46354  2.40513  3.72494  3.29354  2.67741  2.69355  4.24690  2.90347  2.73739  3.18146  2.89801  2.37887  2.77519  2.98518  4.58477  3.61503
          0.00724  5.32747  6.04982  0.61958  0.77255  0.48576  0.95510
     86   2.10778  3.50416  4.13180  3.23792  3.84366  4.07748  4.37853  3.19690  3.49927  2.92539  3.82810  3.91085  4.46849  3.77948  3.80611  1.51709  2.00194  2.16521  5.31380  3.09930    106 s - - -
          2.68618  4.42225  2.77519  2.73123  3.46354  2.40513  3.72494  3.29354  2.67741  2.69355  4.24690  2.90347  2.73739  3.18146  2.89801  2.37887  2.77519  2.98518  4.58477  3.61503
          0.00724  5.32747  6.04982  0.61958  0.77255  0.48576  0.95510
     87   2.84000  4.92350  3.72267  2.97709  3.39424  3.97174  3.40982  2.63558  2.62999  2.91580  4.01785  3.61934  4.35531  2.97324  2.45389  2.55675  2.19661  1.89151  5.48350  3.28721    107 v - - -
          2.68618  4.42225  2.77519  2.73123  3.46354  2.40513  3.72494  3.29354  2.67741  2.69355  4.24690  2.90347  2.73739  3.18146  2.89801  2.37887  2.77519  2.98518  4.58477  3.61503
          0.00724  5.32747  6.04982  0.61958  0.77255  0.48576  0.95510
     88   1.34414  3.78534  5.04443  4.43032  2.40240  4.26101  4.59471  2.45266  4.21811  2.11069  3.24455  4.41978  4.62419  4.35144  4.23048  3.57213  3.03151  1.94673  5.09101  3.03613    108 a - - -
          2.68618  4.42225  2.77519  2.73123  3.46354  2.40513  3.72494  3.29354  2.67741  2.69355  4.24690  2.90347  2.73739  3.18146  2.89801  2.37887  2.77519  2.98518  4.58477  3.61503
          0.00724  5.32747  6.04982  0.61958  0.77255  0.48576  0.95510
     89   2.76254  5.49702  3.28987  2.08844  4.82595  3.44725  3.99425  3.76039  2.20246  3.18557  3.72515  3.03680  4.19854  2.43461  2.52116  1.97839  2.55373  3.23897  5.93948  3.68237    109 s - - -
          2.68618  4.42225  2.77519  2.73123  3.46354  2.40513  3.72494  3.29354  2.67741  2.69355  4.24690  2.90347  2.73739  3.18146  2.89801  2.37887  2.77519  2.98518  4.58477  3.61503
          0.00724  5.32747  6.04982  0.61958  0.77255  0.48576  0.95510
     90   3.10762  4.99700  5.78471  5.24442  4.23104  5.14686  5.63952  0.92606  5.10826  1.73722  3.44332  5.30807  5.43081  5.28056  5.17703  4.51190  3.42732  1.45860  6.04923  4.86503    110 i - - -
          2.68618  4.42225  2.77519  2.73123  3.46354  2.40513  3.72494  3.29354  2.67741  2.69355  4.24690  2.90347  2.73739  3.18146  2.89801  2.37887  2.77519  2.98518  4.58477  3.61503
          0.04544  5.32747  3.22989  0.61958  0.77255  0.48576  0.95510
     91   2.42649  5.46890  2.82572  2.56956  4.79395  3.78867  3.12301  4.26604  2.04075  3.33091  3.22457  3.26422  4.18165  2.90001  2.35476  2.53053  2.19443  3.16430  5.91375  3.27684    111 k - - -
          2.68618  4.42225  2.77519  2.73123  3.46354  2.40513  3.72494  3.29354  2.67741  2.69355  4.24690  2.90347  2.73739  3.18146  2.89801  2.37887  2.77519  2.98518  4.58477  3.61503
          0.00752  5.28956  6.01190  0.61958  0.77255  0.40930  1.09099
     92   2.76454  5.48699  2.96229  2.73843  4.81179  3.38771  3.99674  4.28372  2.58019  3.78360  3.27164  2.60507  3.26214  2.84921  2.75452  1.59520  2.30658  3.03652  5.93200  3.95829    112 s - - -
          2.68618  4.42225  2.77519  2.73123  3.46354  2.40513  3.72494  3.29354  2.67741  2.69355  4.24690  2.90347  2.73739  3.18146  2.89801  2.37887  2.77519  2.98518  4.58477  3.61503
          0.04432  5.32747  3.25709  0.61958  0.77255  0.48576  0.95510
     93   2.37296  5.50790  2.63165  2.54677  4.84905  3.78178  3.96924  4.33226  2.30065  3.00115  4.54959  3.04707  3.24965  2.37586  2.67431  2.13237  2.30530  3.00595  5.94293  4.53436    113 s - - -
          2.68618  4.42225  2.77519  2.73123  3.46354  2.40513  3.72494  3.29354  2.67741  2.69355  4.24690  2.90347  2.73739  3.18146  2.89801  2.37887  2.77519  2.98518  4.58477  3.61503
          0.00751  5.29066  6.01301  0.61958  0.77255  0.41114  1.08736
     94   2.85192  5.47647  2.72524  2.62484  3.93105  1.48499  4.01256  4.26238  2.76227  3.35984  4.52847  2.53729  3.74828  3.11960  3.25068  1.94919  2.98398  3.85404  5.92981  4.53593    114 g - - -
          2.68618  4.42225  2.77519  2.73123  3.46354  2.40513  3.72494  3.29354  2.67741  2.69355  4.24690  2.90347  2.73739  3.18146  2.89801  2.37887  2.77519  2.98518  4.58477  3.61503
          0.03016  5.32747  3.69483  0.61958  0.77255  0.48576  0.95510
     95   2.76835  4.61701  5.21275  4.60314  3.01495  4.44767  4.78459  2.11464  4.39837  0.99185  2.89663  4.60642  3.61814  4.51538  4.40849  3.76418  3.48790  1.91083  5.24612  4.08695    115 l - - -
          2.68618  4.42225  2.77519  2.73123  3.46354  2.40513  3.72494  3.29354  2.67741  2.69355  4.24690  2.90347  2.73739  3.18146  2.89801  2.37887  2.77519  2.98518  4.58477  3.61503
          0.00741  5.30472  6.02707  0.61958  0.77255  0.57011  0.83348
     96   2.73917  4.45533  5.01590  4.40281  3.13703  3.57463  4.57850  1.98984  4.19383  1.45168  2.16818  4.39941  4.60885  4.33002  4.21141  3.25047  2.48021  2.09006  5.07931  3.90284    116 l - - -
          2.68618  4.42225  2.77519  2.73123  3.46354  2.40513  3.72494  3.29354  2.67741  2.69355  4.24690  2.90347  2.73739  3.18146  2.89801  2.37887  2.77519  2.98518  4.58477  3.61503
          0.00741  5.30472  6.02707  0.61958  0.77255  0.43642  1.03944
     97   3.33170  5.31315  4.09996  4.09839  5.85184  0.34704  5.45396  5.41215  4.53092  5.02908  5.82557  4.29590  4.76503  3.71598  4.83032  2.31431  3.87697  4.60543  7.12994  5.91511    117 G - - -
          2.68618  4.42225  2.77519  2.73123  3.46354  2.40513  3.72494  3.29354  2.67741  2.69355  4.24690  2.90347  2.73739  3.18146  2.89801  2.37887  2.77519  2.98518  4.58477  3.61503
          0.00724  5.32747  6.04982  0.61958  0.77255  0.48576  0.95510
     98   2.74643  5.53528  2.10924  1.65287  3.97569  2.56779  3.98676  3.79436  2.33655  3.84027  4.57618  3.04903  4.19290  2.49519  3.21490  2.42940  3.03481  3.92556  5.96832  4.55757    118 e - - -
          2.68618  4.42225  2.77519  2.73123  3.46354  2.40513  3.72494  3.29354  2.67741  2.69355  4.24690  2.90347  2.73739  3.18146  2.89801  2.37887  2.77519  2.98518  4.58477  3.61503
          0.00724  5.32747  6.04982  0.61958  0.77255  0.48576  0.95510
     99   2.87062  5.52699  2.75910  2.59804  4.86860  3.39578  3.98704  3.66237  1.70921  3.44513  3.12120  2.75333  3.01653  2.75611  2.35955  2.45357  2.83809  3.47930  5.96175  4.55290    119 k - - -
          2.68618  4.42225  2.77519  2.73123  3.46354  2.40513  3.72494  3.29354  2.67741  2.69355  4.24690  2.90347  2.73739  3.18146  2.89801  2.37887  2.77519  2.98518  4.58477  3.61503
          0.00724  5.32747  6.04982  0.61958  0.77255  0.48576  0.95510
    100   2.65345  4.49473  4.81320  3.69988  2.49274  3.72832  3.86646  2.56528  2.99487  2.55002  3.12988  4.30541  4.58855  4.21932  4.13474  3.52300  2.65395  2.05217  4.04984  1.56523    120 y - - -
          2.68618  4.42225  2.77519  2.73123  3.46354  2.40513  3.72494  3.29354  2.67741  2.69355  4.24690  2.90347  2.73739  3.18146  2.89801  2.37887  2.77519  2.98518  4.58477  3.61503
          0.00724  5.32747  6.04982  0.61958  0.77255  0.48576  0.95510
    101   4.17873  5.37810  6.25230  5.72097  4.10798  5.69130  6.17104  1.38625  5.61702  1.16003  2.42220  5.86634  5.80890  5.62055  5.62891  5.09799  4.41017  1.35243  6.27749  5.23859    121 l - - -
          2.68618  4.42225  2.77519  2.73123  3.46354  2.40513  3.72494  3.29354  2.67741  2.69355  4.24690  2.90347  2.73739  3.18146  2.89801  2.37887  2.77519  2.98518  4.58477  3.61503
          0.00724  5.32747  6.04982  0.61958  0.77255  0.48576  0.95510
    102   1.96007  5.52975  2.74539  1.75307  4.87250  3.24821  3.98648  4.35685  2.58633  2.97711  4.57102  2.78633  4.19259  2.61921  2.82551  2.41377  3.03155  3.53638  5.96382  3.69068    122 e - - -
          2.68618  4.42225  2.77519  2.73123  3.46354  2.40513  3.72494  3.29354  2.67741  2.69355  4.24690  2.90347  2.73739  3.18146  2.89801  2.37887  2.77519  2.98518  4.58477  3.61503
          0.00724  5.32747  6.04982  0.61958  0.77255  0.48576  0.95510
    103   3.03695  4.74465  5.37185  4.77237  2.93450  4.62945  4.98295  1.36973  4.57789  1.28276  3.69071  4.78812  4.95514  3.88658  4.59351  3.95341  3.63616  1.69378  5.42527  4.26939    123 l - - -
          2.68618  4.42225  2.77519  2.73123  3.46354  2.40513  3.72494  3.29354  2.67741  2.69355  4.24690  2.90347  2.73739  3.18146  2.89801  2.37887  2.77519  2.98518  4.58477  3.61503
          0.00724  5.32747  6.04982  0.61958  0.77255  0.48576  0.95510
    104   3.02533  5.50154  2.51927  2.48180  4.83236  3.15278  3.35426  2.79229  2.48252  3.42388  3.57013  2.92258  4.19767  2.85304  2.61648  2.14459  2.12307  3.47734  5.94285  3.80622    124 t - - -
          2.68618  4.42225  2.77519  2.73123  3.46354  2.40513  3.72494  3.29354  2.67741  2.69355  4.24690  2.90347  2.73739  3.18146  2.89801  2.37887  2.77519  2.98518  4.58477  3.61503
          0.40639  5.32747  1.11142  0.61958  0.77255  0.48576  0.95510
    105   2.85580  4.95271  3.32638  2.76747  4.16484  3.31227  3.92330  3.56590  2.75349  2.31349  4.03275  3.27252  2.04626  2.41625  2.93780  2.47862  2.47777  3.04897  5.47587  3.59084    125 p - - -
          2.68618  4.42225  2.77519  2.73123  3.46354  2.40513  3.72494  3.29354  2.67741  2.69355  4.24690  2.90347  2.73739  3.18146  2.89801  2.37887  2.77519  2.98518  4.58477  3.61503
          0.12264  4.93186  2.22372  0.61958  0.77255  1.30919  0.31477
    106   2.67398  5.34290  2.25304  2.35378  4.68330  1.90984  3.79174  4.16762  2.23986  3.64547  4.38680  3.05703  3.12176  2.59809  2.61613  2.79798  3.07003  3.73143  5.77642  4.36514    126 g - - -
          2.68618  4.42225  2.77519  2.73123  3.46354  2.40513  3.72494  3.29354  2.67741  2.69355  4.24690  2.90347  2.73739  3.18146  2.89801  2.37887  2.77519  2.98518  4.58477  3.61503
          0.06639  4.82126  2.87916  0.61958  0.77255  1.17596  0.36893
    107   2.47852  4.78142  3.40178  2.63524  3.06194  2.64907  3.93660  3.34590  2.03142  2.58093  3.33319  3.32160  3.12274  3.15425  3.24648  2.93246  2.51802  2.83676  5.32747  3.54478    127 k - - -
          2.68623  4.42248  2.77508  2.73133  3.46377  2.40513  3.72517  3.29342  2.67698  2.69358  4.24713  2.90370  2.73690  3.18169  2.89796  2.37872  2.77542  2.98541  4.58500  3.61526
          1.37285  0.40901  2.49723  0.05253  2.97245  1.17511  0.36930
    108   2.81337  3.88160  2.47440  2.78360  3.42378  3.06897  3.90799  3.07822  2.57954  2.85284  3.91847  3.27615  3.51919  2.84018  2.91221  2.67091  2.37270  3.13990  4.04066  2.64014    129 t - - -
          2.68618  4.42225  2.77519  2.73123  3.46354  2.40513  3.72494  3.29354  2.67741  2.69355  4.24690  2.90347  2.73739  3.18146  2.89801  2.37887  2.77519  2.98518  4.58477  3.61503
          0.04111  4.82915  3.43332  0.61958  0.77255  0.22362  1.60755
    109   2.81140  5.36594  2.44935  2.55633  4.13681  2.56570  3.93827  4.26306  2.49815  3.76522  4.48231  3.02663  1.88590  2.83693  2.93946  2.26656  3.03319  2.99480  5.74345  4.47321    130 p - - -
          2.68618  4.42225  2.77519  2.73123  3.46354  2.40513  3.72494  3.29354  2.67741  2.69355  4.24690  2.90347  2.73739  3.18146  2.89801  2.37887  2.77519  2.98518  4.58477  3.61503
          0.00761  5.27748  5.99983  0.61958  0.77255  0.66036  0.72705
    110   2.53502  5.50825  2.59071  2.23172  4.85078  1.75648  3.54826  4.33515  2.70081  3.81245  4.54973  3.01364  2.50350  2.84712  2.61850  2.96617  2.95534  3.39798  5.94237  4.53262    131 g - - -
          2.68618  4.42225  2.77519  2.73123  3.46354  2.40513  3.72494  3.29354  2.67741  2.69355  4.24690  2.90347  2.73739  3.18146  2.89801  2.37887  2.77519  2.98518  4.58477  3.61503
          0.08074  5.27748  2.62470  0.61958  0.77255  0.66036  0.72705
    111   2.24629  5.46317  2.84756  2.13603  4.08714  3.33672  3.92926  3.72724  2.10059  2.99016  4.50529  2.57802  3.71249  2.80202  2.95779  2.35326  2.50069  3.50339  5.89920  4.49163    132 k - - -
          2.68618  4.42225  2.77519  2.73123  3.46354  2.40513  3.72494  3.29354  2.67741  2.69355  4.24690  2.90347  2.73739  3.18146  2.89801  2.37887  2.77519  2.98518  4.58477  3.61503
          0.03216  5.20493  3.64356  0.61958  0.77255  0.85816  0.55155
    112   2.40298  3.90907  2.70403  2.39228  4.72391  2.47989  3.92975  4.19236  2.29680  3.04204  3.67104  3.21777  2.14918  3.03487  2.92757  2.37304  3.18726  3.78114  5.85239  4.45728    133 p - - -
          2.68618  4.42225  2.77519  2.73123  3.46354  2.40513  3.72494  3.29354  2.67741  2.69355  4.24690  2.90347  2.73739  3.18146  2.89801  2.37887  2.77519  2.98518  4.58477  3.61503
          0.14733  5.18116  2.02971  0.61958  0.77255  0.91268  0.51324
    113   2.73068  5.37287  2.71455  1.93592  4.70461  2.54990  3.86167  4.18129  2.27165  3.35453  3.64354  2.73305  3.59669  2.96243  3.09228  2.39823  2.70473  2.66571  5.81363  4.41084    134 e - - -
          2.68629  4.42236  2.77496  2.73134  3.46365  2.40524  3.72506  3.29307  2.67721  2.69366  4.24701  2.90319  2.73709  3.18157  2.89812  2.37898  2.77531  2.98529  4.58488  3.61514
          0.12883  2.13922  5.76580  0.79716  0.59894  0.21764  1.63177
    114   2.08963  5.51644  2.63973  2.30553  4.07036  2.53482  3.54239  4.33390  2.34599  2.88505  4.55920  3.01412  3.03699  2.70747  3.21883  2.82053  2.61599  3.42569  5.95393  3.53663    139 a - - -
          2.68618  4.42225  2.77519  2.73123  3.46354  2.40513  3.72494  3.29354  2.67741  2.69355  4.24690  2.90347  2.73739  3.18146  2.89801  2.37887  2.77519  2.98518  4.58477  3.61503
          0.00724  5.32747  6.04982  0.61958  0.77255  0.48576  0.95510
    115   2.49512  5.52803  2.58760  2.13698  3.53873  2.50317  3.60734  4.35394  2.16680  3.48497  3.61869  3.04136  2.62241  2.73997  2.90562  2.69842  3.25568  3.50917  5.96252  3.94195    140 e - - -
          2.68618  4.42225  2.77519  2.73123  3.46354  2.40513  3.72494  3.29354  2.67741  2.69355  4.24690  2.90347  2.73739  3.18146  2.89801  2.37887  2.77519  2.98518  4.58477  3.61503
          0.02429  5.32747  3.95591  0.61958  0.77255  0.48576  0.95510
    116   2.35210  3.78730  4.87980  3.64384  2.72900  4.22335  3.78625  1.94698  4.09278  2.14392  2.88391  4.33305  3.11798  4.25304  3.54864  2.97417  2.40913  2.34146  5.09134  2.66467    141 i - - -
          2.68618  4.42225  2.77519  2.73123  3.46354  2.40513  3.72494  3.29354  2.67741  2.69355  4.24690  2.90347  2.73739  3.18146  2.89801  2.37887  2.77519  2.98518  4.58477  3.61503
          0.00736  5.31055  6.03289  0.61958  0.77255  0.54936  0.86114
    117   2.08362  4.50071  4.75894  4.16219  3.60132  3.62614  4.53252  2.24255  3.42003  1.16806  3.61985  4.27707  4.57836  4.18820  4.11153  2.95727  3.00849  2.15011  5.12181  3.93818    142 l - - -
          2.68618  4.42225  2.77519  2.73123  3.46354  2.40513  3.72494  3.29354  2.67741  2.69355  4.24690  2.90347  2.73739  3.18146  2.89801  2.37887  2.77519  2.98518  4.58477  3.61503
          0.02522  5.31055  3.91385  0.61958  0.77255  0.44795  1.01870
    118   2.32720  5.50700  3.27421  2.23382  4.03091  3.34021  3.58499  4.32339  1.72037  3.80852  4.54996  3.26495  3.70474  2.47117  2.25561  2.80862  3.24835  2.48951  5.94465  4.53922    143 k - - -
          2.68618  4.42225  2.77519  2.73123  3.46354  2.40513  3.72494  3.29354  2.67741  2.69355  4.24690  2.90347  2.73739  3.18146  2.89801  2.37887  2.77519  2.98518  4.58477  3.61503
          0.00737  5.31005  6.03240  0.61958  0.77255  0.44694  1.02048
    119   2.68362  5.54973  1.61034  2.04292  4.89523  2.95895  3.31039  4.38241  2.29781  3.85519  4.59068  2.61973  3.38548  3.09057  3.00805  2.45130  3.26691  3.94068  5.98171  4.56900    144 d - - -
          2.68618  4.42225  2.77519  2.73123  3.46354  2.40513  3.72494  3.29354  2.67741  2.69355  4.24690  2.90347  2.73739  3.18146  2.89801  2.37887  2.77519  2.98518  4.58477  3.61503
          0.00724  5.32747  6.04982  0.61958  0.77255  0.48576  0.95510
    120   2.85062  5.42799  2.95102  2.82003  4.73260  0.97962  4.07219  4.17974  2.67534  3.72572  4.50544  3.35551  3.70532  2.99178  3.06808  3.07001  3.10344  3.11425  5.91398  4.54132    145 g - - -
          2.68618  4.42225  2.77519  2.73123  3.46354  2.40513  3.72494  3.29354  2.67741  2.69355  4.24690  2.90347  2.73739  3.18146  2.89801  2.37887  2.77519  2.98518  4.58477  3.61503
          0.00488  5.32511        *  0.61958  0.77255  0.00000        *
//
